13240	35
12579	36
11089	37
9968	38
8083	39
7439	40
6628	41
6121	42
5378	43
5507	44
5172	45
5094	46
5131	47
5017	48
5192	49
4981	50
5005	51
5041	52
5279	53
5225	54
5464	55
5376	56
5656	57
5938	58
6091	59
6459	60
6698	61
6952	62
6857	63
7039	64
6950	65
7046	66
7573	67
7673	68
7747	69
8006	70
8416	71
8539	72
8892	73
8845	74
8887	75
9015	76
9872	77
9619	78
10022	79
10188	80
10057	81
10590	82
11211	83
11672	84
11966	85
12541	86
12733	87
13422	88
14016	89
14967	90
16120	91
16092	92
15583	93
16815	94
19265	95
30635	96
86155	97
252347	98
55793	99
391515	100
6058119	101
