683	35
739	36
798	37
817	38
832	39
900	40
929	41
953	42
986	43
1005	44
1055	45
1060	46
1113	47
1209	48
1178	49
1220	50
1354	51
1424	52
1399	53
1412	54
1539	55
1640	56
1631	57
1782	58
1913	59
2035	60
2174	61
2482	62
2535	63
2777	64
2831	65
2998	66
3297	67
3598	68
3805	69
4051	70
4507	71
4746	72
5316	73
5501	74
5530	75
5926	76
6464	77
6668	78
7125	79
7399	80
7609	81
8004	82
8461	83
9090	84
9271	85
9963	86
9943	87
10657	88
11287	89
11677	90
12551	91
13024	92
13002	93
14224	94
16734	95
25687	96
147543	97
165483	98
22175	99
190642	100
6580240	101
