5502	35
5482	36
5306	37
5317	38
5059	39
4828	40
4811	41
4666	42
4497	43
4593	44
4501	45
4472	46
4569	47
4653	48
4638	49
4402	50
4657	51
4649	52
4696	53
4735	54
4838	55
4940	56
5018	57
5150	58
5364	59
5447	60
5665	61
5602	62
5707	63
5731	64
5581	65
5752	66
5716	67
5829	68
5887	69
6058	70
6305	71
6310	72
6154	73
6056	74
6092	75
6000	76
6588	77
6178	78
6283	79
6228	80
6400	81
6511	82
7064	83
7107	84
7484	85
7727	86
8053	87
8609	88
9178	89
9991	90
11174	91
11135	92
11097	93
13185	94
16363	95
35087	96
107638	97
375198	98
61486	99
483048	100
8795539	101
