932	35
941	36
1035	37
995	38
1067	39
1100	40
1116	41
1156	42
1273	43
1268	44
1293	45
1339	46
1331	47
1465	48
1584	49
1663	50
1743	51
1796	52
1897	53
1999	54
2021	55
2102	56
2284	57
2476	58
2632	59
2748	60
2794	61
3020	62
3058	63
3189	64
3228	65
3681	66
3820	67
3976	68
4275	69
4443	70
4789	71
5289	72
5446	73
5443	74
5245	75
5341	76
6265	77
5984	78
6292	79
5893	80
6247	81
6235	82
6809	83
7015	84
7206	85
7821	86
8090	87
8804	88
9158	89
9991	90
11425	91
12093	92
11318	93
13285	94
15970	95
35736	96
129737	97
247536	98
50812	99
361784	100
9145787	101
